[[[0.9999999403953552, 0.9454973340034485, 0.7998932600021362, 0.21802179515361786, 0.5229247212409973, 0.8444063067436218, 0.999992311000824, 0.956162691116333, 0.3933199942111969, 0.5725862979888916, 0.7933918833732605, 0.03309005871415138, 0.8686010241508484, 0.9924625754356384, 0.5973941087722778, 0.9409794211387634, 0.9055982232093811, 0.80880206823349, 0.35004961490631104, 0.06272798031568527, 0.983522891998291, 0.9949824810028076, 0.964156448841095, 0.9686906337738037, 0.7647039890289307, 0.553817093372345, 0.28107476234436035, 0.8364810943603516], [0.9454973340034485, 1.0, 0.5608727335929871, -0.11165742576122284, 0.2168639451265335, 0.6239429712295532, 0.9467677474021912, 0.8086932301521301, 0.07249843329191208, 0.2744130492210388, 0.5519353151321411, -0.2941649556159973, 0.6599064469337463, 0.9782760143280029, 0.3036963939666748, 0.9999074339866638, 0.7181292176246643, 0.5732235312461853, 0.025943389162421227, -0.26567941904067993, 0.871049702167511, 0.9733322858810425, 0.9980081915855408, 0.996738851070404, 0.5131956338882446, 0.2525007128715515, -0.04674690589308739, 0.6124468445777893], [0.7998932600021362, 0.5608727335929871, 1.0, 0.7600993514060974, 0.9298325777053833, 0.996933102607727, 0.7975322604179382, 0.9405713081359863, 0.8663858771324158, 0.9500312805175781, 0.9999421238899231, 0.6262822151184082, 0.9921658635139465, 0.7203178405761719, 0.9591343402862549, 0.5495565533638, 0.9789241552352905, 0.9998875856399536, 0.8421742916107178, 0.6491361260414124, 0.8952091932296753, 0.7358360290527344, 0.6119836568832397, 0.6258510947227478, 0.9984022974967957, 0.9426960945129395, 0.8007779121398926, 0.9979710578918457], [0.21802179515361786, -0.11165742576122284, 0.7600993514060974, 1.0, 0.9458829760551453, 0.7069153189659119, 0.2141907513141632, 0.49425575137138367, 0.9830367565155029, 0.9249584674835205, 0.7670447826385498, 0.982623815536499, 0.672965943813324, 0.09677845239639282, 0.9129010438919067, -0.12516777217388153, 0.6113736033439636, 0.7502704858779907, 0.9905154705047607, 0.9876980185508728, 0.3908641040325165, 0.11928550899028778, -0.048744525760412216, -0.03110295720398426, 0.7956026196479797, 0.933352530002594, 0.9978799819946289, 0.71718430519104], [0.5229247212409973, 0.2168639451265335, 0.9298325777053833, 0.9458829760551453, 1.0, 0.8981831073760986, 0.5195761919021606, 0.7496082186698914, 0.9893552660942078, 0.9982376098632812, 0.9337368011474609, 0.869215726852417, 0.8765769600868225, 0.4145258367061615, 0.9959555268287659, 0.20356187224388123, 0.8350847363471985, 0.9242103695869446, 0.981499433517456, 0.8835022449493408, 0.6684045791625977, 0.43502113223075867, 0.2780156135559082, 0.2949312627315521, 0.9491400122642517, 0.9993279576301575, 0.9649969339370728, 0.9045166969299316], [0.8444063067436218, 0.6239429712295532, 0.996933102607727, 0.7069153189659119, 0.8981831073760986, 1.0000001192092896, 0.8422978520393372, 0.9642629623413086, 0.824648380279541, 0.922688901424408, 0.9960336685180664, 0.5633513927459717, 0.9988996386528015, 0.772392213344574, 0.9340494275093079, 0.6132526993751526, 0.9919041991233826, 0.9979944825172424, 0.7973940372467041, 0.5876162052154541, 0.9273393750190735, 0.7865728139877319, 0.6719992160797119, 0.6849688291549683, 0.9909182786941528, 0.9136937856674194, 0.7514481544494629, 0.999893069267273], [0.999992311000824, 0.9467678070068359, 0.7975322604179382, 0.21419070661067963, 0.5195761322975159, 0.8422978520393372, 1.0, 0.9550063610076904, 0.3897094130516052, 0.5693650245666504, 0.790997326374054, 0.029168151319026947, 0.8666500449180603, 0.9929357767105103, 0.5942428112030029, 0.9423002004623413, 0.9039270877838135, 0.8064883947372437, 0.3463713824748993, 0.05881141126155853, 0.9828059673309326, 0.9953674077987671, 0.9651901125907898, 0.9696573615074158, 0.7621696591377258, 0.5505457520484924, 0.2773069739341736, 0.8343244194984436], [0.956162691116333, 0.8086932301521301, 0.9405713081359863, 0.4942557215690613, 0.7496082186698914, 0.9642629623413086, 0.9550063610076904, 1.0, 0.645311713218689, 0.7875655889511108, 0.9368641972541809, 0.32431501150131226, 0.9756276607513428, 0.9130692481994629, 0.8060450553894043, 0.8006150126457214, 0.99010169506073, 0.9455575942993164, 0.6090129017829895, 0.3522373139858246, 0.9933478236198425, 0.9220671057701111, 0.8441909551620483, 0.8535231351852417, 0.9198794960975647, 0.7733656764030457, 0.5497837066650391, 0.9602848291397095], [0.3933199942111969, 0.0724983736872673, 0.866385817527771, 0.9830366969108582, 0.989355206489563, 0.8246483206748962, 0.3897094428539276, 0.6453116536140442, 1.0, 0.9789758920669556, 0.8717069029808044, 0.9319131374359131, 0.7972127199172974, 0.2776844799518585, 0.9722791314125061, 0.0589216910302639, 0.7461416721343994, 0.8588005900382996, 0.9989136457443237, 0.9422631859779358, 0.5530519485473633, 0.29936110973358154, 0.13527294993400574, 0.15274453163146973, 0.893218994140625, 0.9833563566207886, 0.9928890466690063, 0.832832932472229], [0.5725862979888916, 0.2744130790233612, 0.9500312805175781, 0.9249584674835205, 0.9982376098632812, 0.922688901424408, 0.5693650841712952, 0.7875655889511108, 0.9789759516716003, 1.0, 0.953333854675293, 0.8383423686027527, 0.9035918712615967, 0.46780017018318176, 0.999532163143158, 0.26130419969558716, 0.8662591576576233, 0.9452438950538635, 0.968407392501831, 0.8541470170021057, 0.7113662362098694, 0.4876886308193207, 0.33452972769737244, 0.3511153757572174, 0.9661518335342407, 0.9997419714927673, 0.94773268699646, 0.9282289147377014], [0.7933918833732605, 0.5519353151321411, 0.9999421238899231, 0.7670447826385498, 0.9337368011474609, 0.9960336685180664, 0.790997326374054, 0.9368641972541809, 0.8717069625854492, 0.953333854675293, 1.0, 0.6346312761306763, 0.9907647371292114, 0.7128153443336487, 0.9621222615242004, 0.5405385494232178, 0.9766709208488464, 0.9996684193611145, 0.8479252457618713, 0.6572803854942322, 0.8903640508651733, 0.7285099029541016, 0.6034417152404785, 0.617425799369812, 0.998952329158783, 0.9462302923202515, 0.807174026966095, 0.9972285032272339], [0.03309005871415138, -0.2941649556159973, 0.6262822151184082, 0.982623815536499, 0.869215726852417, 0.5633513927459717, 0.029168201610445976, 0.32431504130363464, 0.9319131374359131, 0.8383424282073975, 0.6346312761306763, 1.0, 0.5239827632904053, -0.08964031934738159, 0.8212764859199524, -0.3071415424346924, 0.453870564699173, 0.6145222187042236, 0.9478013515472412, 0.9995598196983337, 0.2132294625043869, -0.06707034260034561, -0.23328529298305511, -0.21608108282089233, 0.6693329811096191, 0.8505082130432129, 0.9684610962867737, 0.575374960899353], [0.8686010241508484, 0.6599064469337463, 0.9921658635139465, 0.672965943813324, 0.8765769600868225, 0.9988996386528015, 0.8666500449180603, 0.9756276607513428, 0.7972127795219421, 0.9035918712615967, 0.9907647371292114, 0.5239827632904053, 1.0, 0.8013299703598022, 0.9162719249725342, 0.6496226787567139, 0.9967683553695679, 0.9939274787902832, 0.768215000629425, 0.5490217804908752, 0.943869411945343, 0.8146672248840332, 0.7059907913208008, 0.718384325504303, 0.983521580696106, 0.8936284780502319, 0.7196778059005737, 0.9981068968772888], [0.9924625754356384, 0.9782760143280029, 0.7203178405761719, 0.09677845239639282, 0.4145258367061615, 0.772392213344574, 0.9929357767105103, 0.9130691885948181, 0.2776844799518585, 0.4678001403808594, 0.7128153443336487, -0.08964031934738159, 0.8013299703598022, 1.0, 0.4946141541004181, 0.9753649234771729, 0.8467952013015747, 0.7306376099586487, 0.2326165735721588, -0.06005155295133591, 0.9539549350738525, 0.9997437000274658, 0.9894053936004639, 0.9918142557144165, 0.6799723505973816, 0.44760453701019287, 0.16134855151176453, 0.7630203366279602], [0.5973941087722778, 0.3036964237689972, 0.9591343402862549, 0.912900984287262, 0.9959555268287659, 0.9340494275093079, 0.5942428708076477, 0.8060450553894043, 0.9722791910171509, 0.999532163143158, 0.9621222615242004, 0.8212764859199524, 0.9162719249725342, 0.4946141541004181, 1.0, 0.2907051742076874, 0.8811343908309937, 0.9547838568687439, 0.9603270888328552, 0.837841808795929, 0.7325298190116882, 0.5141624808311462, 0.36319687962532043, 0.37958964705467224, 0.9735901951789856, 0.9985796213150024, 0.9375303983688354, 0.9391729235649109], [0.9409794211387634, 0.9999074339866638, 0.5495565533638, -0.12516777217388153, 0.20356187224388123, 0.6132526993751526, 0.9423001408576965, 0.8006149530410767, 0.058921750634908676, 0.26130416989326477, 0.5405385494232178, -0.3071415424346924, 0.6496226787567139, 0.9753649234771729, 0.290705144405365, 1.0, 0.7085943222045898, 0.5620219111442566, 0.012339781038463116, -0.27877163887023926, 0.8642860054969788, 0.9701210260391235, 0.9970574975013733, 0.995548665523529, 0.501470685005188, 0.23931242525577545, -0.060333479195833206, 0.6016346216201782], [0.9055982232093811, 0.7181292176246643, 0.9789241552352905, 0.6113736033439636, 0.8350847363471985, 0.9919041991233826, 0.9039270281791687, 0.99010169506073, 0.7461417317390442, 0.8662591576576233, 0.9766709208488464, 0.453870564699173, 0.9967683553695679, 0.8467952013015747, 0.8811343908309937, 0.7085943222045898, 0.9999999403953552, 0.9818763732910156, 0.7143062353134155, 0.4801075756549835, 0.9673535823822021, 0.8586198687553406, 0.7606003284454346, 0.7719436287879944, 0.9658204317092896, 0.8546881675720215, 0.6615786552429199, 0.9899408221244812], [0.80880206823349, 0.5732235312461853, 0.9998875856399536, 0.7502704858779907, 0.9242103695869446, 0.9979944825172424, 0.8064883947372437, 0.9455575942993164, 0.8588006496429443, 0.9452438950538635, 0.9996684193611145, 0.6145222187042236, 0.9939274787902832, 0.7306376099586487, 0.9547838568687439, 0.5620219111442566, 0.9818763732910156, 1.0, 0.8339945673942566, 0.6376573443412781, 0.9017907381057739, 0.7459068894386292, 0.6237735152244568, 0.6374754905700684, 0.9974427819252014, 0.9375871419906616, 0.7917068600654602, 0.9988135695457458], [0.3500496745109558, 0.025943448767066002, 0.8421743512153625, 0.9905154705047607, 0.9814994931221008, 0.7973940968513489, 0.34637150168418884, 0.6090129613876343, 0.9989137053489685, 0.9684075117111206, 0.8479253053665161, 0.9478013515472412, 0.7682150602340698, 0.2326165735721588, 0.9603271484375, 0.012339810840785503, 0.7143062949180603, 0.8339946269989014, 1.0, 0.9568443298339844, 0.5136275291442871, 0.25457414984703064, 0.08895549178123474, 0.10652659833431244, 0.8712968826293945, 0.9738218188285828, 0.9973577857017517, 0.8061346411705017], [0.06272798031568527, -0.26567941904067993, 0.6491361260414124, 0.9876980185508728, 0.8835022449493408, 0.5876162052154541, 0.05881145969033241, 0.3522373139858246, 0.9422632455825806, 0.8541470766067505, 0.6572803854942322, 0.9995598196983337, 0.5490217804908752, -0.06005155295133591, 0.8378418684005737, -0.27877163887023926, 0.4801075756549835, 0.6376573443412781, 0.9568442702293396, 1.0, 0.24212202429771423, -0.03743889555335045, -0.20433247089385986, -0.18701814115047455, 0.6910811066627502, 0.8657384514808655, 0.9754271507263184, 0.5993873476982117], [0.983522891998291, 0.871049702167511, 0.8952091932296753, 0.3908641040325165, 0.6684045791625977, 0.9273393750190735, 0.9828059077262878, 0.9933478236198425, 0.5530520081520081, 0.7113662362098694, 0.8903640508651733, 0.2132294625043869, 0.943869411945343, 0.9539549350738525, 0.7325298190116882, 0.8642860054969788, 0.9673535823822021, 0.9017907381057739, 0.5136274695396423, 0.24212202429771423, 0.9999999403953552, 0.9605007171630859, 0.9003017544746399, 0.9078460335731506, 0.8685975670814514, 0.6952192187309265, 0.44993898272514343, 0.9217669367790222], [0.9949824810028076, 0.9733322858810425, 0.7358360886573792, 0.11928556859493256, 0.43502119183540344, 0.7865728735923767, 0.9953674674034119, 0.9220671653747559, 0.2993612289428711, 0.48768866062164307, 0.7285099625587463, -0.06707031279802322, 0.814667284488678, 0.9997437596321106, 0.5141624808311462, 0.9701210260391235, 0.8586199283599854, 0.7459069490432739, 0.25457414984703064, -0.03743886575102806, 0.9605007767677307, 1.0, 0.9858652949333191, 0.9886695146560669, 0.6963972449302673, 0.46773362159729004, 0.1836487203836441, 0.7774575352668762], [0.964156448841095, 0.9980081915855408, 0.6119836568832397, -0.048744525760412216, 0.2780156135559082, 0.6719992160797119, 0.9651901125907898, 0.8441909551620483, 0.13527294993400574, 0.33452969789505005, 0.6034417152404785, -0.23328529298305511, 0.7059907913208008, 0.9894053936004639, 0.36319684982299805, 0.9970574975013733, 0.7606003284454346, 0.6237735152244568, 0.08895543217658997, -0.20433247089385986, 0.9003017544746399, 0.9858652353286743, 1.0000001192092896, 0.9998441338539124, 0.5663174986839294, 0.31303858757019043, 0.016362233087420464, 0.6610963940620422], [0.9686906337738037, 0.996738851070404, 0.6258510947227478, -0.03110295720398426, 0.2949312627315521, 0.6849688291549683, 0.969657301902771, 0.8535231351852417, 0.1527445912361145, 0.351115345954895, 0.617425799369812, -0.21608108282089233, 0.718384325504303, 0.9918142557144165, 0.37958964705467224, 0.995548665523529, 0.7719436287879944, 0.6374754905700684, 0.10652653872966766, -0.18701814115047455, 0.9078460335731506, 0.9886694550514221, 0.9998441338539124, 1.0, 0.5807802081108093, 0.3297573924064636, 0.03401228040456772, 0.6742398738861084], [0.7647039890289307, 0.5131956338882446, 0.9984022974967957, 0.7956026196479797, 0.9491400122642517, 0.9909182786941528, 0.7621696591377258, 0.9198794960975647, 0.8932190537452698, 0.9661518335342407, 0.998952329158783, 0.6693329811096191, 0.983521580696106, 0.6799723505973816, 0.9735901951789856, 0.501470685005188, 0.9658204317092896, 0.9974427819252014, 0.8712968230247498, 0.6910811066627502, 0.8685975670814514, 0.6963971853256226, 0.5663174986839294, 0.5807802081108093, 1.0, 0.9600431323051453, 0.8333430886268616, 0.9927789568901062], [0.553817093372345, 0.2525007128715515, 0.9426960945129395, 0.933352530002594, 0.9993279576301575, 0.9136937856674194, 0.5505457520484924, 0.7733656764030457, 0.9833564162254333, 0.9997420310974121, 0.9462302923202515, 0.8505082130432129, 0.8936284780502319, 0.44760453701019287, 0.9985796213150024, 0.23931242525577545, 0.8546881675720215, 0.9375871419906616, 0.973821759223938, 0.8657384514808655, 0.6952192187309265, 0.46773356199264526, 0.31303858757019043, 0.3297573924064636, 0.9600431323051453, 1.0, 0.954735279083252, 0.9195398688316345], [0.28107476234436035, -0.04674690589308739, 0.8007779121398926, 0.9978799819946289, 0.9649969339370728, 0.7514482140541077, 0.27730700373649597, 0.5497837066650391, 0.9928891062736511, 0.94773268699646, 0.807174026966095, 0.9684610962867737, 0.7196778059005737, 0.16134855151176453, 0.9375304579734802, -0.060333479195833206, 0.6615786552429199, 0.7917068600654602, 0.9973577260971069, 0.9754271507263184, 0.44993898272514343, 0.1836487203836441, 0.016362233087420464, 0.03401228040456772, 0.8333430886268616, 0.954735279083252, 1.0, 0.7610175609588623], [0.8364810943603516, 0.6124468445777893, 0.9979710578918457, 0.71718430519104, 0.9045166969299316, 0.999893069267273, 0.8343244194984436, 0.9602848291397095, 0.8328329920768738, 0.9282289147377014, 0.9972285032272339, 0.575374960899353, 0.9981068968772888, 0.7630203366279602, 0.9391729235649109, 0.6016346216201782, 0.9899408221244812, 0.9988135695457458, 0.8061345815658569, 0.5993873476982117, 0.9217669367790222, 0.7774574756622314, 0.6610963940620422, 0.6742398738861084, 0.9927789568901062, 0.9195398688316345, 0.7610175609588623, 1.0]]]